13079606426
84131872650
33467251897
23634451475
42935928903
27270581525
62411442602
41733986898
89424462565
93636378830
88966496334
79786751655
61704772885
74248066610
45086084180
95367592414
97131388645
17463759652
29453225525
06078673700
25479221507
55308508127
82134142847
38139156540
02952472823
95375538172
89075507780
78657170248
56563913881
20898340802
98500549645
56903780467
03479542867
77278058406
82474312706
75486596014
24153179930
42190306205
56884996137
57645292636
43312090326
62623319995
33258792682
98175606940
42015188924
73611624799
17869545678
47069576994
80357619439
75482876586
98426966349
39942349995
34613203660
49507438645
30496975129
46651615505
61164659278
29133668051
82038413096
87535258336
96307604018
73106999390
06008730054
43675155595
66772247400
99677286129
02808046790
20084329637
91534144110
56137758850
37604906460
96314777461
63304400931
38977527350
03388493278
05310922830
19869515614
36845222525
68168869508
13316483780
46958105737
99660541970
62080184040
54737005355
71257036742
72202397000
40918570433
70293677158
59295495918
26490146525
76120269967
47494761616
06559672735
08910436409
90670129470
95766161581
07138972016
07803972667
76845408157
58073671034
32356486402
86356546174
07248460508
74671832321
08671163660
97358753224
95300681660
59967609834
35726073703
30107846608
80539796611
49261664962
21131680650
67619319832
68541999726
06105316380
47692761337
28903159837
57962808721
36295293484
33405952328
19143726208
22093827182
94567999304
15057898264
12189948193
11739376250
63161790570
15783793930
69650600930
60925091995
40014566729
56405361446
66942326674
16930042242
34642408193
56656375804
82542572488
65958555421
65899314885
00215878841
43650399202
20645000302
97315225307
49155963625
38616587047
24967878040
47963653462
61402372035
81221122509
57255151760
68620911406
24137686530
86853153014
29300058665
06868022506
41944318984
64507870232
51899042024
89212899684
36899091550
37783278876
22315787432
08709042997
49331459629
13153663980
54938394235
97373916082
08836614892
35502308340
22095840194
71851089934
79042763990
19420955389
06403547933
49986968747
23415176924
94481134550
72056014602
92323874845
69684297564
55382177015
75943095705
98907790051
40663318408
64839588708
34240151996
35059737934
71902994914
18291937168
49238428816
32331279101
93673777033
86630192974
00341014460
38793556306
64957939799
43465173236
25903574190
27198422306
03530272000
15068779660
91662673159
25303131130
67161133394
85266069210
71036514692
10262984580
54396858809
41324065125
18798221647
24087701140
99912367243
61759203505
19642204835
30863298150
06979683322
24783578605
51373805552
48452234651
37323328888
93773580940
14322772439
76966809004
84999006669
06361664732
47388821201
26157132132
20650283350
07795480004
49272514460
67956960908
02634348002
82812665203
34585038469
21996966421
05641736651
70094437505
35028750149
68169541816
31478999268
67904600471
55583750510
41261187725
18829779636
56986781385
58238041805
08055691118
21324419954
49742367680
64446579460
92737776600
16878013801
37198081576
79127793028
73543082426
61017600309
67024338911
32725210623
34255239100
20010413227
51949128547
34074351773
89253802936
53392933945
58154769433
42055219367
44743252814
31147792631
73763283277
79464183454
54824818400
11597825638
18176215643
23282844425
60272325287
92810916152
28136094551
03213516066
44471120867
65022679809
54027162005
98704518535
59838977306
19218607669
11392580609
77441831261
94297723689
07777621025
10002227487
44599053376
66875051907
78331800508
39741964803
30594686806
18389890801
33937304282
00839059361
39443717476
57978298272
15261408458
30954769902
81550728431
30718696816
11836115954
61924784491
03784812236
11104730600
37256343272
95862860452
47781509536
90051802856
85672894836
37989691086
02748091760
24980256260
60885719697
68149400435
18235378396
76475510009
95318975909
94389064878
94565339560
87813885600
16536015231
96754767022
62850062294
51327032082
25365531590
88878277614
99121759138
96225776605
09727042210
57741066161
46996087791
18911808784
08488515600
09870751105
66907234297
14317442205
17792697223
71104991110
15188906953
44485496236
57204707192
01358720061
09232558505
74249166376
53171860058
55900092607
68459804976
02515783724
14783884633
62836691905
49062126545
67686540472
18950801698
75230464100
07518399300
16688431025
44928666712
95189733424
41523983884
10601538900
68454728074
98888096876
47787198915
05853240854
42454414961
17961630236
82385175673
87101079911
66211034687
37261725803
91812565151
12836095768
85334888829
15880831957
53768323412
58602220413
93084885885
26740760705
39041208160
91278739190
23077908700
45663550127
93723336205
06482545696
31366225708
18535485457
53326000200
50785765840
47658773379
35259647149
59827417282
24881267728
36314736056
54085576500
59930760970
53720816788
